# 0.68 lower, 0.68 upper, 0.95 lower, 0.95 upper, 0.997 lower, 0.997 upper
4.162680786257256216e+01 1.109945650938357744e+02 4.633018605791060507e-01 1.400000000000000000e+02 2.403349063996983448e-01 1.400000000000000000e+02
4.169266170758835699e+01 1.043409635943269933e+02 2.148546766530247254e+01 1.400000000000000000e+02 3.733432838310800639e-01 1.400000000000000000e+02
4.321004417735250769e+01 1.006946315417019235e+02 2.473213366153872173e+01 1.369245805030773226e+02 2.762639342163397682e-01 1.400000000000000000e+02
4.482658464146191335e+01 9.911503089800525856e+01 2.875300596725492497e+01 1.255027547693042038e+02 2.967995275174232783e-01 1.400000000000000000e+02
4.487208357318740326e+01 9.864963706805633592e+01 2.913160522694242971e+01 1.252600134369064193e+02 2.205373025679450194e+01 1.400000000000000000e+02
4.494539398207817982e+01 9.806677252430576175e+01 3.178764991921908845e+01 1.192594877354675731e+02 2.450633876828162983e+01 1.369363253903619579e+02
4.542662600843042497e+01 9.739913251383734405e+01 3.372770117403997858e+01 1.153174375261836815e+02 2.716807603152036776e+01 1.280482365524601107e+02
4.631468481400175818e+01 9.651085233604501923e+01 3.436203866620239467e+01 1.142090450882197672e+02 2.918697691004411965e+01 1.235102720875780875e+02
4.633179118015748088e+01 9.672651239087132069e+01 3.554815057752998797e+01 1.120345130839507419e+02 2.915899377055163200e+01 1.230289210557401560e+02
4.660346971623626899e+01 9.625948788036849635e+01 3.686665749399836045e+01 1.098686213268816232e+02 3.073825270540643473e+01 1.199207790066046186e+02
4.670467294977065364e+01 9.625546697078014802e+01 3.786058065737278611e+01 1.082604306426567717e+02 3.192253854207607233e+01 1.174823050038723977e+02
4.614720256061551851e+01 9.601975179431600793e+01 3.682421964712052187e+01 1.091012021312886873e+02 3.150643391289181494e+01 1.177781820787030682e+02
4.620491401201402937e+01 9.563663622665372088e+01 3.751796939604406589e+01 1.080609884360292483e+02 3.250288951469588739e+01 1.162921693531162930e+02
4.643780525118965841e+01 9.521012196266616456e+01 3.813689632705293064e+01 1.068241326442579719e+02 3.335720183489559787e+01 1.144978931227753094e+02
4.695642271202007123e+01 9.543994658913204887e+01 3.822369757474444896e+01 1.076566483049756755e+02 3.488637342132879127e+01 1.130326573320531054e+02
4.689558846840724726e+01 9.514637303928627432e+01 3.858594488204411732e+01 1.068581733349201670e+02 3.538266819101453109e+01 1.120083123985491085e+02
4.668507126213049929e+01 9.509217314881402672e+01 3.915434276496373656e+01 1.057594390787215275e+02 3.603146499636795141e+01 1.107265099617384578e+02
4.656056850863351571e+01 9.496480660022606912e+01 3.840456331334697637e+01 1.066970243698358729e+02 3.644164069787895954e+01 1.098696766436192718e+02
4.655983397149674374e+01 9.476617820072281972e+01 3.879903455078937213e+01 1.060300852519711583e+02 3.689773475108479062e+01 1.090752014692425576e+02
4.647491054323214854e+01 9.464449626910419511e+01 3.933371969585382288e+01 1.050229591125612387e+02 3.748008363451384639e+01 1.079723911752113850e+02
4.645873072747306765e+01 9.441083667651645328e+01 3.957077545971434773e+01 1.044178376573425453e+02 3.779814524062500425e+01 1.072615857951461038e+02
4.640488514258920105e+01 9.417920805202207646e+01 3.978069043048120079e+01 1.038502652753397228e+02 3.803089429050547210e+01 1.066150256369288201e+02
4.609369202462499260e+01 9.445398792681447731e+01 3.940220890671778164e+01 1.043084128760266509e+02 3.856334607882211429e+01 1.056470118251491641e+02
4.608103951115721486e+01 9.433688917911604221e+01 3.969775541570654553e+01 1.037814804657542709e+02 3.888187221496787060e+01 1.050770520376575661e+02
4.607744826287448348e+01 9.419021643722518888e+01 3.915570238250975876e+01 1.045519618607261663e+02 3.915570238250975876e+01 1.045519618607261663e+02
4.626983450652859631e+01 9.407484292550034866e+01 4.029549072963990142e+01 1.027342062184567766e+02 3.952916264305465432e+01 1.038913639378274922e+02
4.655638765441580063e+01 9.365338494154700300e+01 4.069635544456220799e+01 1.018939448548131850e+02 3.994809183807899444e+01 1.029999375165579067e+02
4.661858989922087915e+01 9.345678905555948290e+01 4.031343113141404189e+01 1.022125683239633531e+02 4.031343113141404189e+01 1.022125683239633531e+02
4.703716124066032478e+01 9.288649868746703930e+01 4.083859831267864848e+01 1.012931831722897726e+02 4.083859831267864848e+01 1.012931831722897726e+02
4.706069569602632185e+01 9.292473018971452348e+01 4.120145459997129933e+01 1.007846457681698809e+02 4.120145459997129933e+01 1.007846457681698809e+02
4.723845547795135502e+01 9.275186145478909339e+01 4.149393697975443018e+01 1.003550720538107299e+02 4.149393697975443018e+01 1.003550720538107299e+02
4.706846365475268357e+01 9.308588837240704095e+01 4.151374102289826595e+01 1.004331559590745542e+02 4.151374102289826595e+01 1.004331559590745542e+02
4.719898922613501213e+01 9.298475669060937321e+01 4.175802443543233977e+01 1.001731871119395691e+02 4.175802443543233977e+01 1.001731871119395691e+02
4.751992424572868856e+01 9.285077294427253491e+01 4.217650319350916988e+01 9.990523581423393296e+01 4.217650319350916988e+01 9.990523581423393296e+01
4.752340148337066239e+01 9.291335837622430915e+01 4.237029876722549915e+01 9.965778631429736834e+01 4.237029876722549915e+01 9.965778631429736834e+01
4.751924035398586454e+01 9.299134861154979603e+01 4.261501021772154729e+01 9.941973619407599472e+01 4.261501021772154729e+01 9.941973619407599472e+01
4.751525434326901376e+01 9.312138558696383939e+01 4.285041332191390495e+01 9.922584599629239221e+01 4.285041332191390495e+01 9.922584599629239221e+01
4.751908067876408381e+01 9.313779175421750267e+01 4.304526152026311792e+01 9.900699638796253055e+01 4.304526152026311792e+01 9.900699638796253055e+01
4.785013744017023640e+01 9.281329273982909456e+01 4.328910538555147980e+01 9.883007829625395857e+01 4.328910538555147980e+01 9.883007829625395857e+01
4.776670770000848165e+01 9.307761187455301410e+01 4.382687224266322090e+01 9.829420552035057312e+01 4.382687224266322090e+01 9.829420552035057312e+01
4.762676186059643868e+01 9.300403761000147540e+01 4.377745233934250280e+01 9.811841138426237308e+01 4.377745233934250280e+01 9.811841138426237308e+01
4.775860919555316286e+01 9.290623771262568198e+01 4.401585450481688611e+01 9.793394458882612241e+01 4.401585450481688611e+01 9.793394458882612241e+01
4.792554311119322819e+01 9.283490026200074396e+01 4.420824668872354124e+01 9.780134678593861963e+01 4.420824668872354124e+01 9.780134678593861963e+01
4.792752167193999924e+01 9.276273252194761199e+01 4.425314812760306182e+01 9.764803561910144936e+01 4.425314812760306182e+01 9.764803561910144936e+01
4.750994546414657549e+01 9.316011976632154301e+01 4.457922447203702632e+01 9.710662722730209850e+01 4.457922447203702632e+01 9.710662722730209850e+01
4.770604245214462225e+01 9.292402302812827486e+01 4.469589959121894651e+01 9.697713802159933039e+01 4.469589959121894651e+01 9.697713802159933039e+01
4.752192151767550854e+01 9.325275167180203084e+01 4.459938728059383095e+01 9.722678122924948241e+01 4.459938728059383095e+01 9.722678122924948241e+01
4.758302274094054951e+01 9.319435689977144932e+01 4.468785589443303508e+01 9.707982112396302909e+01 4.468785589443303508e+01 9.707982112396302909e+01
4.765520162996224940e+01 9.313344540351181422e+01 4.479990323545020914e+01 9.696879060997360966e+01 4.479990323545020914e+01 9.696879060997360966e+01
4.795052176160553614e+01 9.264019892500270714e+01 4.509517408647894854e+01 9.645501960692945431e+01 4.509517408647894854e+01 9.645501960692945431e+01
